0.42062
NDCG[1]=0.000000
NDCG[3]=0.630930
NDCG[10]=0.630930
